[Taichi] version 1.7.4, llvm 15.0.1, commit b4b956fd, win, python 3.12.12
[Taichi] Starting on arch=vulkan
1320
5.818311931597396
2.2686992645263673
5.554387807846069
0.36133742332458496
[ 1.17169162e-02 -4.46926464e-07  7.02810503e-05]
[2.206188917160034, 2.308987855911255, 2.202631950378418, 2.170520067214966, 2.1845173835754395, 2.1920347213745117, 2.3203890323638916, 2.516479253768921, 2.301879644393921, 2.2833638191223145]
-----
[Taichi] Starting on arch=vulkan
1560
6.856615714891828
2.2751749038696287
202.98209619522095
2.5869994163513184
[ 1.10789407e-02 -5.48028693e-05 -2.08802103e-05]
[2.294658660888672, 2.27477765083313, 2.308497905731201, 2.289588212966919, 2.366213083267212, 2.334933280944824, 2.1791133880615234, 2.183407783508301, 2.2442550659179688, 2.276304006576538]
-----
[Taichi] Starting on arch=vulkan
1716
7.813899176285471
2.1960866928100584
201.5024495124817
2.5694427490234375
[ 1.12247812e-02 -7.19145391e-05 -2.81620887e-05]
[2.2166309356689453, 2.1781165599823, 2.1817641258239746, 2.1869311332702637, 2.183867931365967, 2.176417589187622, 2.2012763023376465, 2.1765284538269043, 2.2402267456054688, 2.219107151031494]
-----
[Taichi] Starting on arch=vulkan
2002
8.953747332441727
2.23593533039093
205.49554467201233
2.626146078109741
[ 1.11431209e-02 -8.41734220e-07 -1.10498098e-04]
[2.1700170040130615, 2.191913604736328, 2.3743839263916016, 2.292038917541504, 2.1717591285705566, 2.182896614074707, 2.2096657752990723, 2.1677327156066895, 2.223581552505493, 2.375364065170288]
-----
[Taichi] Starting on arch=vulkan
2340
10.629724744593494
2.2013740301132203
201.71408462524414
2.580509662628174
[ 1.22587886e-02 -1.00572201e-07 -6.23361393e-06]
[2.205458879470825, 2.2049429416656494, 2.1863677501678467, 2.234480619430542, 2.170776605606079, 2.2191174030303955, 2.192512035369873, 2.2056326866149902, 2.184880495071411, 2.20957088470459]
-----
[Taichi] Starting on arch=vulkan
2912
13.191161721709019
2.20753870010376
201.79887461662292
2.621910572052002
[ 1.10656694e-02 -9.69744215e-05 -6.80102385e-05]
[2.2265255451202393, 2.188962697982788, 2.21883225440979, 2.1945536136627197, 2.2047672271728516, 2.2077457904815674, 2.2059812545776367, 2.2079756259918213, 2.2148780822753906, 2.205164909362793]
-----
[Taichi] Starting on arch=vulkan
3120
14.11751735827737
2.2100203037261963
202.7504940032959
2.6045470237731934
[ 1.13616614e-02  3.42691294e-07 -6.39342761e-05]
[2.1981539726257324, 2.2835800647735596, 2.207995891571045, 2.2009377479553223, 2.1839983463287354, 2.216259241104126, 2.1972551345825195, 2.1907875537872314, 2.2098114490509033, 2.211423635482788]
-----
[Taichi] Starting on arch=vulkan
3570
15.869686001800561
2.249571919441223
203.4146535396576
2.6128273010253906
[ 1.20161669e-02  7.07647487e-08 -2.29203306e-05]
[2.1912975311279297, 2.204958438873291, 2.190650701522827, 2.1746416091918945, 2.1900336742401123, 2.2505745887756348, 2.314107894897461, 2.3948018550872803, 2.308122396469116, 2.2765305042266846]
-----
[Taichi] Starting on arch=vulkan
4320
19.291109210444993
2.239373564720154
201.42040729522705
2.5594215393066406
[ 1.12250056e-02 -8.09133780e-05 -1.10262939e-04]
[2.5255541801452637, 2.230971574783325, 2.188573122024536, 2.2160816192626953, 2.179457426071167, 2.2323834896087646, 2.1887102127075195, 2.206206798553467, 2.215764045715332, 2.2100331783294678]
-----
[Taichi] Starting on arch=vulkan
4845
21.93628056206759
2.2086697816848755
201.6975700855255
2.6134629249572754
[ 1.15801357e-02 -5.58792834e-09 -2.86306804e-05]
[2.232423782348633, 2.2078120708465576, 2.191819190979004, 2.224513053894043, 2.175727605819702, 2.230933904647827, 2.19535493850708, 2.213714122772217, 2.1979899406433105, 2.216409206390381]
-----
[Taichi] Starting on arch=vulkan
5760
25.71428724697667
2.239999866485596
202.336003780365
2.5949926376342773
[ 1.13302283e-02 -7.42350239e-05 -8.81813321e-05]
[2.262355327606201, 2.2467503547668457, 2.2019436359405518, 2.277935028076172, 2.2821736335754395, 2.268636703491211, 2.21152925491333, 2.2211716175079346, 2.2162013053894043, 2.211301803588867]
-----
[Taichi] Starting on arch=vulkan
6783
29.511633539029503
2.2984156370162965
202.25334644317627
2.588698387145996
[ 1.16607919e-02 -2.06735749e-07 -2.80620498e-05]
[2.6549932956695557, 2.331799268722534, 2.228405237197876, 2.2365598678588867, 2.207900285720825, 2.2684667110443115, 2.2912211418151855, 2.2967281341552734, 2.225306987762451, 2.2427754402160645]
-----
[Taichi] Starting on arch=vulkan
6783
30.001621494256003
2.260877799987793
202.5052134990692
0.38269472122192383
[ 1.17004281e-02 -3.85533639e-07 -2.92670302e-05]
[2.225914716720581, 2.2950472831726074, 2.3716180324554443, 2.2317450046539307, 2.222205877304077, 2.1985971927642822, 2.2145304679870605, 2.271710157394409, 2.271256923675537, 2.30615234375]
-----
[Taichi] Starting on arch=vulkan
8280
36.63170820050026
2.2603368520736695
201.61024498939514
2.587564706802368
[ 1.15504228e-02 -7.26585931e-05 -2.58188520e-05]
[2.250126838684082, 2.3076560497283936, 2.318002462387085, 2.252347707748413, 2.216954469680786, 2.211862087249756, 2.2286810874938965, 2.207535982131958, 2.3192830085754395, 2.2909188270568848]
-----
[Taichi] Starting on arch=vulkan
9576
42.667218907987724
2.244345951080322
202.64826488494873
2.5833628177642822
[ 1.16360951e-02  1.09890877e-07 -1.99871010e-05]
[2.259294033050537, 2.2125730514526367, 2.2381739616394043, 2.2188727855682373, 2.229973316192627, 2.2608208656311035, 2.2851595878601074, 2.3032708168029785, 2.202458381652832, 2.232862710952759]
-----
[Taichi] Starting on arch=vulkan
11000
49.284834179246076
2.2319239139556886
201.75276970863342
2.5895581245422363
[ 1.16926925e-02 -7.08639855e-05 -2.47549942e-05]
[2.1949679851531982, 2.2854223251342773, 2.3215534687042236, 2.2218637466430664, 2.2217350006103516, 2.206979274749756, 2.22721791267395, 2.195219039916992, 2.209857702255249, 2.2344226837158203]
-----
[Taichi] Starting on arch=vulkan
12558
56.720860221019386
2.2140002727508543
201.63989186286926
2.5664422512054443
[ 1.16675729e-02 -9.68479554e-08 -5.09401616e-05]
[2.226177930831909, 2.239391803741455, 2.1955790519714355, 2.214599609375, 2.2075209617614746, 2.2188010215759277, 2.190040349960327, 2.2239372730255127, 2.1910572052001953, 2.2328975200653076]
-----
[Taichi] Starting on arch=vulkan
14256
62.84720292834301
2.2683587074279785
201.13553857803345
2.5464699268341064
[ 1.17212264e-02 -5.90478703e-05 -2.48499091e-05]
[2.429314613342285, 2.2723615169525146, 2.302931070327759, 2.3117048740386963, 2.2451117038726807, 2.2348461151123047, 2.208306312561035, 2.2245702743530273, 2.211552858352661, 2.2428877353668213]
-----
[Taichi] Starting on arch=vulkan
16744
74.8776334832398
2.2361817836761473
201.4436559677124
2.6125969886779785
[ 1.15407845e-02 -5.74635342e-05 -3.84263622e-05]
[2.2595691680908203, 2.2161688804626465, 2.2179648876190186, 2.2117276191711426, 2.2353405952453613, 2.220029354095459, 2.2497506141662598, 2.236504316329956, 2.2245686054229736, 2.290193796157837]
-----
[Taichi] Starting on arch=vulkan
19440
85.5244423541499
2.273034405708313
202.12422847747803
2.555145502090454
[ 1.17189148e-02 -1.17337478e-07 -3.99226810e-05]
[2.264705181121826, 2.205813407897949, 2.2190051078796387, 2.1993329524993896, 2.294578790664673, 2.2969272136688232, 2.3164761066436768, 2.3302195072174072, 2.2928802967071533, 2.3104054927825928]
-----
[Taichi] Starting on arch=vulkan
21700
95.27450401910608
2.277629280090332
202.1688539981842
2.6536202430725098
[ 1.16453441e-02 -5.97130638e-05 -2.44663388e-05]
[2.317460298538208, 2.229433059692383, 2.207686424255371, 2.22395658493042, 2.1975154876708984, 2.253319501876831, 2.5238163471221924, 2.2944488525390625, 2.2948427200317383, 2.233813524246216]
-----
[Taichi] Starting on arch=vulkan
25839
114.15009064250579
2.2635987281799315
201.3572051525116
2.7090797424316406
[ 1.18658729e-02  2.79376131e-08 -2.23370516e-05]
[2.215841293334961, 2.2054829597473145, 2.2816197872161865, 2.3834540843963623, 2.3299720287323, 2.2443182468414307, 2.227323293685913, 2.2181193828582764, 2.2514500617980957, 2.2784061431884766]
-----
[Taichi] Starting on arch=vulkan
29512
130.06620649149238
2.2689982891082763
203.49031114578247
2.5703365802764893
[ 1.17964447e-02  1.35963901e-07 -4.27746163e-05]
[2.282886028289795, 2.3222858905792236, 2.2852542400360107, 2.248826503753662, 2.2393670082092285, 2.2470028400421143, 2.238032817840576, 2.2534067630767822, 2.263375759124756, 2.3095450401306152]
-----
[Taichi] Starting on arch=vulkan
33408
148.0644861533387
2.256314182281494
201.3989098072052
2.6147549152374268
[ 1.16800554e-02 -4.69611696e-05 -4.58958166e-05]
[2.254856824874878, 2.2104973793029785, 2.2403931617736816, 2.224123239517212, 2.2421646118164062, 2.223968505859375, 2.294356346130371, 2.356538772583008, 2.2276179790496826, 2.2886250019073486]
-----
[Taichi] Starting on arch=vulkan
40052
176.92068013304154
2.263839364051819
202.4179265499115
2.574150562286377
[ 1.17033618e-02 -4.81531533e-05 -4.97623550e-05]
[2.3904716968536377, 2.2511916160583496, 2.2329750061035156, 2.2992334365844727, 2.2327311038970947, 2.237273931503296, 2.2423763275146484, 2.2394087314605713, 2.2640180587768555, 2.248713731765747]
-----
[Taichi] Starting on arch=vulkan
44928
194.81996121645344
2.3061291933059693
202.4966013431549
2.5894320011138916
[ 1.17570041e-02 -3.63431427e-05 -2.10295912e-05]
[2.277280569076538, 2.225905656814575, 2.252089500427246, 2.283324718475342, 2.33821702003479, 2.346538543701172, 2.478546380996704, 2.322425603866577, 2.2333765029907227, 2.3035874366760254]
-----
